
PRÁCTICA 4. Simulación de una codificación binaria lineal (2021-2022)


PROBLEMA 1

alf="aábcdeé AÁBCDEÉfghiíjklmnFGHIÍJKLMNoópqrstuúvwxyzOÓPQRSTUÚVWXYZ.,;¿?¡!"

A=
[1,1,0],
[1,0,1],
[0,1,1]

L=[0,1,0,1,0,1,0,0,0,0,0,0,0,0,0,0,0,0,0,0,0,0,0,0,0,0,0,0,0,0,0,0,0,0,0,0,1,1,1,0,0,0,0,1,0,1,0,1,0,1,0,1,0,1,1,0,1,1,0,1,0,0,1,0,1,1,1,1,0,0,1,1,0,0,0,0,0,0,0,0,1,0,1,1,0,0,0,0,0,0,0,0,1,0,1,1,1,0,1,1,0,1,0,1,0,1,0,1,0,1,0,1,0,1,0,1,0,1,0,1,0,1,0,1,0,1,0,0,0,0,0,0,0,0,1,0,1,1,1,0,0,1,1,0,0,0,0,0,0,0,0,0,0,0,0,0,0,0,0,0,0,0,1,1,1,0,0,0,0,0,0,0,0,0,0,1,0,1,0,1,1,0,1,1,0,1,0,1,0,1,0,1,0,0,0,0,0,0,1,0,1,1,0,1,0,0,1,0,1,1,0,0,0,0,0,0,0,0,0,0,0,0,1,0,0,1,1,0,0,0,1,0,1,1,1,1,0,0,1,1,0,0,0,0,0,0,0,1,1,1,1,0,0,1,0,1,0,1,0,0,1,0,1,1,1,0,0,1,1,0,1,0,1,1,0,1,1,1,0,0,1,1,1,0,0,1,1,0,1,0,1,1,0,1,0,0,1,0,1,1,0,1,1,1,1,0,0,0,0,0,0,0,0,0,1,0,1,1,0,1,0,1,0,1,1,0,1,1,0,1,0,0,1,0,1,1,0,0,0,0,0,0,0,0,0,0,0,0,0,0,1,0,1,1,1,1,1,0,0,0,1,1,0,0,1,1,0,0,0,0,0,0,1,1,1,0,0,0,0,1,0,1,0,1,0,0,0,0,0,0,1,0,1,1,0,1,0,1,0,1,0,1,1,0,0,1,1,0,1,0,1,1,0,1,1,1,1,0,0,0,0,0,0,0,0,0,0,1,1,1,1,0,1,0,0,1,1,0,0,0,0,0,0,0,1,0,0,1,1,0,0,1,0,1,0,1,0,1,0,1,0,1,0,0,0,0,0,0,0,1,0,1,0,1,1,0,0,1,1,0,1,1,0,0,1,1,0,0,1,0,1,1,0,0,0,0,0,0,0,0,0,0,0,0,0,0,0,0,0,0,0,1,1,1,1,0,1,0,0,1,1,0,1,0,1,1,0,1,1,0,0,1,1,0,1,0,0,1,1,0,0,1,1,1,1,0,0,0,0,0,0,0,0,1,1,1,1,0,1,0,0,1,1,0,1,0,0,1,1,0,0,1,0,1,0,1,0,0,0,0,0,0,0,0,0,0,0,0,0,1,0,1,0,1,1,0,0,1,1,0,0,0,0,0,0,0,0,0,1,0,1,1,1,1,0,0,1,1,0,0,0,0,0,0,0,1,1,1,1,0,0,1,0,1,0,1,0,0,1,0,1,1,1,0,0,1,1,0,1,1,0,0,1,1,0,0,0,0,0,0,1,0,1,1,0,1,0,0,0,0,0,0,0,0,0,0,0,0,0,1,0,1,0,1,1,0,0,1,1,0,1,0,0,1,1,0,0,0,0,0,0,0,1,0,1,1,0,1,0,1,0,1,0,1,0,0,1,0,1,1,0,0,1,0,1,1,0,0,0,0,0,0,0,0,1,0,1,1,0,0,0,0,0,0,1,0,0,1,1,0,0,1,1,1,1,0,1,0,0,1,1,0,0,1,0,1,0,1,1,1,0,0,1,1,0,0,1,0,1,1,0,1]



PROBLEMA 2

alf="AÁBCDEÉFGHIÍJKLMNÑOÓPQRSTUÚVWXYZ .,;:()¿?¡!-0123456789aábcdeéfghiíjklmnñoópqrstuúvwxyz"

A=
[1,0,1,0,1,0,1,1,1],
[1,0,1,0,1,1,0,0,1],
[1,0,1,1,0,1,1,0,0],
[0,1,0,1,0,0,1,1,0],
[0,0,1,1,1,0,0,1,1],
[1,1,1,1,0,0,0,0,0]


lista=[1,1,0,1,0,0,0,1,0,1,0,0,1,1,0,0,0,1,1,1,1,0,1,1,1,0,1,1,1,0,1,1,0,1,1,1,0,1,0,1,0,1,0,0,0,0,0,1,0,1,0,1,1,0,0,1,0,0,1,1,1,1,1,0,0,0,0,0,1,0,0,0,1,1,0,1,1,1,1,1,1,0,0,1,1,0,1,1,0,0,1,0,1,1,1,0,0,0,1,0,1,1,0,0,1,1,1,0,0,1,0,1,0,1,0,1,0,1,1,1,0,0,1,0,1,0,0,0,0,1,1,1,0,1,1,0,0,0,1,0,0,1,0,1,1,0,1,1,0,0,0,1,1,1,0,0,0,1,0,0,1,1,1,0,1,0,1,1,0,0,1,1,1,1,1,0,0,0,0,0,1,0,0,1,0,1,1,1,1,1,0,0,0,0,0,1,0,1,0,0,1,0,0,0,1,0,1,0,1,0,0,0,0,1,0,1,1,0,1,1,1,0,0,1,1,0,0,0,1,1,0,0,1,1,1,0,1,1,1,0,0,1,1,0,1,0,1,1,1,0,1,0,1,0,1,1,0,0,1,0,1,0,1,1,0,0,0,1,0,0,0,0,0,1,1,0,0,1,1,1,0,1,1,1,0,0,1,1,0,1,1,1,0,1,1,1,0,0,1,1,0,0,0,0,1,0,1,0,1,1,0,1,1,0,0,1,1,0,1,0,1,0,1,0,1,1,1,0,0,1,0,1,1,1,0,0,1,0,1,1,0,1,1,0,0,0,0,1,1,1,1,0,1,0,0,0,1,1,0,0,0,1,1,0,0,1,0,1,0,0,1,0,0,1,1,1,1,1,0,1,1,0,0,0,1,0,0,1,0,0,0,0,0,1,1,0,0,1,1,0,1,1,0,1,1,0,0,1,0,0,0,1,0,1,0,1,0,1,1,1,0,1,0,0,1,1,0,1,1,0,0,0,1,0,0,1,1,0,1,1,0,1,0,0,1,0,1,0,1,0,0,0,0,0,0,1,0,1,0,1,0,0,1,1,0,0,0,0,0,1,0,0,1,0,1,0,0,1,1,0,0,0,1,1,1,0,0,0,1,0,0,1,0,0,0,0,0,1,1,1,1,0,1,1,1,0,0,0,0,0,0,1,1,0,1,0,0,1,1,1,1,0,0,0,1,1,0,1,1,0,1,1,0,1,1,1,0,0,1,1,0,1,0,1,1,0,1,1,0,1,1,1,0,0,1,1,0,0,1,0,1,0,1,0,1,0,1,0,0,0,0,0,0,1,1,1,0,1,0,1,0,0,1,1,0,0,1,0,1,0,0,1,0,1,0,0,1,0,0,0,0,1,0,0,1,1,1,0,0,1,1,1,0,1,1,0,0,1,0,0,1,1,1,1,0,0,1,0,1,0,0,1,0,0,1,1,1,0,1,0,1,1,0,0,1,0,1,0,1,0,0,0,1,0,1,1,1,0,0,1,0,1,1,0,1,0,1,1,0,0,0,1,1,0,0,1,1,0,1,0,1,1,1,1,0,0,0,1,0,0,1,0,1,1,0,1,1,0,1,0,0,1,0,0,0,1,1,0,0,0,1,1,1,1,1,0,0,0,0,0,0,0,1,0,0,0,0,0,0,1,0,1,0,1,0,1,0,1,1,0,0,1,0,1,0,1,0,1,1,1,0,1,0,1,0,0,0,1,0,1,1,1,0,0,1,1,1,1,1,0,1,1,1,1,0,1,0,1,0,1,0,0,0,0,0,0,1,1,1,1,1,1,1,1,1,1,1,0,0,0,0,0,1,0,1,1,1,0,0,1,1,1,1,1,0,0,0,1,1,0,1,1,0,1,1,1,1,1,1,0,0,1,1,1,1,1,0,0,0,1,1,0,0,0,0,0,1,0,1,0,1,1,0,0,1,0,1,1,1,0,0,1,0,1,1,0,1,1,0,0,0,0,1,1,1,1,0,1,0,0,0,1,1,0,0,0,0,1,1,1,0,0,1,0,0,1,1,1,0,1,1,0,1,0,1,0,1,1,0,0,0,0,0,1,0,0,0,1,1,1,1,0,1,0,0,0,1,1,0,0,1,0,1,0,0,1,1,0,1,1,0,1,1,0,0,1,1,0,0,1,0,1,0,1,0,1,1,0,0,1,1,0,1,1,1,1,1,1,0,1,1,1,0,0,1,1,1,1,0,0,0,1,1,1,0,1,0,1,0,1,1,1,0,1,0,0,0,1,0,1,0,0,1,1,0,1,1,1,1,0,1,1,1,1,0,1,0,1,0,1,1,0,0,0,0,1,0,0,0,0,0,0,0,0,0,1,1,1,0,0,0,0,1,1,1,1,0,0,0,1,1,1,0,0,1,1,1,0,0,1,0,0,1,0,0,1,1,1,0,0,0,1,0,1,1,0,1,1,0,0,0,1,1,1,1,1,1,0,0,1,1,0,1,0,1,1,1,1,1,0,0,1,1,1,0,0,1,0,1,0,0,0,0,1,1,0,1,0,0,1,0,0,1,0,0,0,0,1,0,0,1,0,0,0,1,1,0,1,0,1,1,1,0,0,1,1,0,1,1,0,1,1,0,1,1,1,1,1,0,0,0,0,0,1,0,0,1,0,0,0,0,1,0,1,1,0,0,0,1,1,1,1,1,0,1,0,0,0,0,0,0,0,0,0,1,1,0,1,0,1,0,1,0,0,0,0,0,0,1,1,1,1,1,0,1,0,0,1,1,1,0,0,0,1,1,1,0,0,1,1,0,1,0,0,1,1,0,0,1,0,0,0,1,1,0,1,1,1,1,0,1,0,1,1,1,1,0,0,0,1,1,0,0,0,0,0,1,0,1,0,1,1,0,0,1,0,0,0,1,1,0,1,0,0,1,0,1,0,1,0,1,0,1,1,0,0,1,1,1,0,1,1,0,1,1,0,1,1,1,1,1,0,1,1,1,1,0,0,0,1,0,1,1,1,0,1,1,0,1,1,1,1,1,0,1,1,0,0,0,0,0,0,1,0,1,0,1,0,0,0,1,0,1,0,1,0,0,1,1,1,1,0,0,0,1,0,0,1,0,0,0,1,0,1,0,1,1,0,0,1,0,1,0,0,0,1,1,1,1,1,1,1,1,1,1,0,0,0,1,0,1,0,0,1,1,0,1,1,0,0,1,1,1,1,1,0,0,1,0,0,1,0,0,1,1,1,1,1,0,0,0,1,1,1,1,0,1,1,1,0,1,1,0,0,0,0,0,0,0,0,0,0,0,0,0,0,1,1,0,1,0,1,0,1,1,0,0,0,1,0,1,1,0,0,1,0,1,0,1,0,1,0,1,1,1,0,1,1,1,1,1,1,1,0,1,1,1,0,0,1,1,1,0,0,0,1,1,0,1,1,0,0,0,1,0,1,0,0,0,1,1,0,0,1,1,1,1,1,0,1,0,1,1,1,1,1,0,0,0,1,0,1,0,1,0,0,0,0,1,0,1,0,0,0,0,0,0,0,0,0,1,1,0,0,1,0,1,0,1,0,1,0,1,1,1,1,1,0,0,0,0,1,0,0,1,0,0,1,0,0,1,1,0,0,1,1,1,0,0,1,0,1,0,1,0,0,0,0,0,1,0,0,1,0,1,0,0,1,1,0,0,0,1,1,1,1,1,1,0,0,1,0,0,1,1,0,0,0,1,1,0,0,1,1,1,0,1,1,1,0,0,0,1,0,0,0,0,0,1,0,0,0,1,1,0,1,1,0,0,0,1,0,1,1,1,1,0,0,0,1,1,1,1,0,1,1,0,1,1,0,0,0,1,0,0,1,0,0,1,1,0,1,1,0,1,1,1,0,0,1,0,0,0,0,0,0,0,0,0,1,1,0,1,0,1,0,1,0,0,0,1,1,1,0,0,1,0,0,1,1,1,1,1,0,1,1,0,0,1,0,0,0,1,1,0,1,0,1,0,1,0,1,0,1,1,0,1,1,0,0,1,1,0,0,1,0,1,0,1,0,1,0,1,1,1,0,1,1,0,1,1,1,0,1,1,1,0,0,1,1,1,0,0,1,1,1,1,1,0,0,1,1,1,0,1,0,0,0,0,0,0,1,1,1,1,1,1,1,1,1,0,1,0,0,0,0,0,1,0,1,0,0,1,1,0,1,0,1,0,1,0,0,0,1,1,1,0,0,1,1,0,0,1,0,1,1,0,0,0,1,0,1,0,1,0,0,1,0,0,1,0,0,1,0,1,1,1,0,0,1,1,0,1,0,0,1,1,0,1,0,1,0,1,1,1,0,0,0,0,0,1,0,1,1,0,0,1,0,1,0,1,0,1,0,0,0,0,0,0,1,1,0,1,0,1,1,0,0,0,1,0,1,1,0,0,1,0,0,1,1,1,1,1,0,1,0,1,0,0,1,0,0,1,0,0,1,0,1,0,0,1,1,0,1,1,0,1,1,0,0,1,1,1,0,0,0,0,1,1,1,1,0,0,0,1,0,1,1,1,0,0,1,0,1,0,1,1,0,0,1,0,0,1,0,1,0,1,0,0,1,0,1,0,1,0,0,1,0,1,1,0,1,1,0,0,0,0,0,1,0,1,1,1,1,1,0,0,1,0,1,0,1,0,0,0,0,1,0,0,0,0,1,1,1,1,0,1,1,1,0,1,0,1,1,1,1,0,1,0,0,1,1,1,0,1,1,1,0,1,0,0,1,0,1,0,1,0,1,1,1,0,0,0,0,0,0,1,0,0,1,0,0,1,0,0,0,1,1,1,1,0,1,0,0,1,0,1,0,1,0,1,0,1,0,1,1,0,1,0,0,0,1,1,0,0,0,1,1,0,1,0,0,0,1,0,0,1,0,0,0,0,0,0,1,0,0,0,0,1,1,1,0,0,1,1,0,1,0,1,1,1,0,1,0,1,1,1,0,0,1,1,0,0,1,1,0,0,0,1,1,1,0,0,1,1,0,0,0,1,0,1,1,1,1,1,1,0,0,0,1,0,1,1,0,0,1,0,1,1,0,0,1,0,1,0,0,1,0,1,1,1,1,1,1,1,1,1,1,1,1,0,0,1,1,0,0,1,0,0,0,1,1,1,1,1,0,1,1,0,0,1,1,1,1,1,0,0,0,0,0,0,1,1,0,0,0,0,0,0,0,0,0,0,0,0,1,0,1,1,0,1,1,0,1,0,0,0,1,1,0,1,1,0,1,1,1,1,0,0,1,1,0,1,0,1,0,0,1,1,0,1,1,0,1,1,0,1,1,0,0,0,0,0,0,0,1,0,0,1,1,1,0,0,1,1,1,0,0,1,1,1,0,1,0,1,1,0,1,1,1,1,1,1,0,0,1,0,0,0,1,1,0,1,0,1,0,1,1,1,1,0,1,1,1,1,1,1,1,1,1,0,1,0,1,0,1,1,0,1,0,1,1,0,0,1,1,1,0,0,0,1,1,1,1,1,0,0,0,0,0,0,0,1,0,1,0,1,0,0,1,0,0,1,0,0,1,0,1,0,1,1,1,0,0,1,0,0,1,0,0,1,1,1,0,0,0,1,0,1,0,1,0,1,1,1,1,0,1,1,0,1,0,0,0,1,1,1,0,1,1,0,1,0,0,0,1,0,0,0,0,0,1,1,1,0,0,0,0,0,1,1,1,0,0,1,0,1,0,1,0,1,1,0,0,1,0,1,0,1,0,1,1,0,0,1,0,0,0,1,0,0,1,0,1,1,0,1,1,0,0,0,1,0,0,1,0,0,0,0,0,0,0,0,0,0,0,0,0,1,1,1,0,1,0,1,0,0,1,1,0,1,1,0,0,1,0,0,0,1,0,0,0,1,1,0,0,1,0,0,0,1,1,0,1,1,1,0,0,1,1,0,1,1,1,0,0,1,0,1,1,0,1,1,0,0,0,0,0,0,0,1,1,0,1,0,1,0,1,1,1,1,1,0,0,0,0,0,1,0,1,1,1,0,0,1,0,0,0,1,0,1,0,0,1,1,0,0,0,1,0,0,1,0,1,1,0,0,0,1,0,0,0,1,1,0,0,0,1,0,0,0,1,1,1,1,0,0,0,0,0,1,0,0,0,0,0,0,1,0,1,0,1,0,0,0,1,1,0,0,0,1,0,1,1,1,1,0,0,0,1,0,1,0,0,1,1,1,0,1,0,1,1,0,0,1,0,0,0,0,1,1,1,0,1,0,0,0,1,1,0,1,1,1,1,0,0,0,1,1,0,1,1,0,1,1,1,1,0,0,0,1,0,1,0,1,0,1,0,0,0,0,0,1,0,0,0,0,0,1,1,1,0,0,1,1,0,0,1,1,1,0,0,0,0,1,0,1,0,1,0,0,0,1,0,0,0,1,1,0,1,1,1,0,0,1,1,1,0,1,1,1,0,0,0,0,1,1,1,1,1,1,0,1,0,1,1,0,1,0,1,1,0,1,1,1,1,0,1,0,1,0,0,0,1,0,0,0,1,1,0,1,1,1,1,0,1,0,1,0,0,1,0,0,1,1,1,0,1,1,0,0,1,1,0,1,1,0,1,1,1,1,1,0,1,1,0,1,1,1,1,1,1,1,1,1,0,0,1,1,0,0,1,1,1,0,0,0,1,0,0,1,0,1,1,1,1,1,1,0,0,0,0,0,1,0,1,1,0,1,0,0,0,0,0,0,1,1,1,1,1,0,1,1,1,0,0,0,1,0,1,0,0,1,1,0,0,1,0,0,0,0,0,0,1,1,1,0,0,1,1,1,0,1,0,0,1,1,1,1,1,0,0,0,0,0,1,1,1,0,1,1,0,0,1,0,0,0,1,1,0,0,0,0,1,0,1,1,0,1,0,0,1,0,0,0,0,0,1,1,1,0,1,1,0,0,0,1,1,0,0,0,0,1,1,0,1,0,1,1,1,1,1,1,1,1,0,1,1,1,0,1,1,0,1,0,0,0,1,1,0,0,1,1,1,0,0,0,0,1,0,0,0,1,1,0,0,0,0,1,0,1,1,0,1,0,0,1,0,0,0,1,0,0,1,1,0,0,0,1,0,0,1,0,0,0,1,1,1,1,0,0,0,0,0,0,0,1,1,1,0,0,1,0,0,1,0,0,0,0,1,1,0,1,0,1,0]